ClayWaterMound,-10006,-9999,8699,8707
SmallOutpost,-10016,-9994,8670,8700
RLCraft_BasicSkeleton,-9933,-9933,8660,8660
RLCraft_UndergroundRuin1,-9936,-9927,8654,8663
RLCraft_BasicSpider,-9923,-9923,8696,8696
RLCraft_UndergroundRuin1,-9926,-9917,8690,8699
RLCraft_SmallUndergroundSkeleton,-9992,-9984,8558,8566
MesoMazeGrowth,-10079,-10074,8594,8599
MesoMazePath,-10079,-10077,8591,8593
MesoMazeSpiderTurn,-10085,-10080,8588,8593
MesoMazePath,-10085,-10083,8585,8587
MesoMazeSpiderTurn,-10082,-10077,8582,8587
MesoMazePath,-10079,-10077,8588,8590
MesoMazePath,-10085,-10083,8582,8584
MesoMazeStairTurn,-10076,-10071,8606,8611
MesoMazePath,-10076,-10074,8612,8614
MesoMazeSpiderTurn,-10073,-10068,8612,8617
MesoMazeGrowth,-10091,-10086,8579,8584
MesoMazeStairTurn,-10082,-10077,8612,8617
MesoMazePath,-10085,-10083,8579,8581
MesoMazeStairCorridor,-10079,-10077,8606,8611
MesoMazeCorridorCollapse,-10091,-10086,8585,8587
MesoMazeZombieTable,-10097,-10092,8585,8590
MesoMazeStorage,-10097,-10092,8585,8590
MesoMazePath,-10094,-10092,8582,8584
MesoMazeSpiderTurn,-10070,-10065,8603,8608
MesoMazePath,-10070,-10068,8609,8611
MesoMazeCorridorCollapse,-10070,-10068,8618,8623
MesoMazePath,-10070,-10068,8624,8626
MesoMazeStorage,-10070,-10065,8612,8617
MesoMazeSpiderTurn,-10085,-10080,8618,8623
MesoMazePath,-10076,-10074,8615,8617
MesoMazePath,-10073,-10071,8615,8617
MesoMazeSpiderTurn,-10091,-10086,8618,8623
MesoMazeStorage,-10076,-10071,8600,8605
MesoMazeCorridorCollapse,-10085,-10083,8612,8617
MesoMazeSpiderTurn,-10085,-10080,8585,8590
MesoMazePath,-10067,-10065,8618,8620
MesoMazeSpiderTurn,-10091,-10086,8588,8593
MesoMazeStairTurn,-10094,-10089,8612,8617
MesoMazePath,-10091,-10089,8594,8596
MesoMazeCorridorCollapse,-10073,-10071,8618,8623
MesoMazeStairCorridor,-10070,-10065,8600,8602
MesoMazePath,-10073,-10071,8612,8614
MesoMazePath,-10088,-10086,8615,8617
MesoMazePath,-10070,-10068,8624,8626
MesoMazePath,-10076,-10074,8615,8617
MesoMazeStairCorridor,-10088,-10086,8609,8614
MesoMazePath,-10091,-10089,8597,8599
MesoMazePath,-10094,-10092,8579,8581
MesoMazePath,-10091,-10089,8579,8581
MesoMazePath,-10067,-10065,8609,8611
MesoMazeGrowth,-10082,-10077,8600,8605
MesoMazeStairCorridor,-10067,-10062,8624,8626
MesoMazePath,-10088,-10086,8588,8590
MesoMazePath,-10085,-10083,8582,8584
MesoMazeZombieTable,-10064,-10059,8609,8614
MesoMazePath,-10088,-10086,8579,8581
MesoMazeSpiderTurn,-10097,-10092,8597,8602
MesoMazeStairTurn,-10064,-10059,8618,8623
MesoMazeCorridorCollapse,-10085,-10083,8606,8611
MesoMazePath,-10094,-10092,8591,8593
MesoMazePath,-10091,-10089,8588,8590
MesoMazeSpiderTurn,-10094,-10089,8603,8608
MesoMazePath,-10088,-10086,8594,8596
MesoMazeZombieTable,-10082,-10077,8579,8584
MesoMazeGrowth,-10079,-10074,8618,8623
MesoMazeGrowth,-10079,-10074,8618,8623
MesoMazePath,-10085,-10083,8579,8581
MesoMazePath,-10064,-10062,8615,8617
MesoMazePath,-10067,-10065,8612,8614
MesoMazePath,-10097,-10095,8582,8584
MesoMazePath,-10094,-10092,8579,8581
MesoMazeStairTurn,-10058,-10053,8618,8623
MesoMazePath,-10058,-10056,8624,8626
MesoMazePath,-10073,-10071,8624,8626
MesoMazePath,-10055,-10053,8624,8626
MesoMazePath,-10079,-10077,8624,8626
MesoMazePath,-10088,-10086,8597,8599
MesoMazeSpiderTurn,-10085,-10080,8600,8605
MesoMazeCorridorCollapse,-10061,-10056,8615,8617
MesoMazePath,-10079,-10077,8600,8602
MesoMazePath,-10082,-10080,8579,8581
MesoMazePath,-10082,-10080,8597,8599
MesoMazePath,-10073,-10071,8624,8626
MesoMazePath,-10079,-10077,8597,8599
MesoMazePath,-10088,-10086,8606,8608
MesoMazeStairTurn,-10073,-10068,8594,8599
MesoMazePath,-10079,-10077,8579,8581
MesoMazePath,-10079,-10077,8603,8605
MesoMazeGrowth,-10088,-10083,8594,8599
MesoMazePath,-10079,-10077,8594,8596
MesoMazePath,-10097,-10095,8612,8614
MesoMazePath,-10061,-10059,8624,8626
MesoMazePath,-10076,-10074,8597,8599
MesoMazePath,-10079,-10077,8591,8593
MesoMazeSpiderTurn,-10088,-10083,8600,8605
MesoMazePath,-10079,-10077,8624,8626
MesoMazeSpiderTurn,-10079,-10074,8585,8590
MesoMazePath,-10085,-10083,8597,8599
MesoMazeStorage,-10055,-10050,8612,8617
MesoMazeStairCorridor,-10076,-10071,8591,8593
MesoMazeGrowth,-10073,-10068,8582,8587
MesoMazePath,-10076,-10074,8594,8596
MesoMazePath,-10088,-10086,8606,8608
MesoMazeSpiderTurn,-10070,-10065,8588,8593
MesoMazePath,-10055,-10053,8615,8617
MesoMazePath,-10073,-10071,8588,8590
MesoMazePath,-10091,-10089,8600,8602
MesoMazePath,-10082,-10080,8597,8599
MesoMazeSpiderTurn,-10088,-10083,8618,8623
MesoMazeSpiderTurn,-10094,-10089,8600,8605
MesoMazePath,-10097,-10095,8579,8581
MesoMazeSpiderTurn,-10058,-10053,8606,8611
MesoMazeGrowth,-10070,-10065,8588,8593
MesoMazePath,-10058,-10056,8612,8614
MesoMazeSpiderTurn,-10094,-10089,8621,8626
MesoMazeStairCorridor,-10064,-10059,8600,8602
MesoMazePath,-10073,-10071,8588,8590
MesoMazePath,-10076,-10074,8624,8626
MesoMazePath,-10091,-10089,8618,8620
MesoMazePath,-10091,-10089,8606,8608
MesoMazePath,-10085,-10083,8594,8596
MesoMazePath,-10055,-10053,8612,8614
MesoMazePath,-10064,-10062,8615,8617
MesoMazePath,-10052,-10050,8606,8608
MesoMazeStairCorridor,-10097,-10095,8603,8608
MesoMazePath,-10067,-10065,8594,8596
MesoMazeStairCorridor,-10052,-10050,8600,8605
MesoMazePath,-10064,-10062,8612,8614
MesoMazeZombieTable,-10067,-10062,8594,8599
MesoMazePath,-10052,-10050,8609,8611
MesoMazeStairTurn,-10067,-10062,8582,8587
MesoMazePath,-10055,-10053,8609,8611
MesoMazePath,-10088,-10086,8600,8602
MesoMazePath,-10097,-10095,8609,8611
MesoMazePath,-10052,-10050,8609,8611
MesoMazePath,-10052,-10050,8615,8617
MesoMazePath,-10064,-10062,8588,8590
MesoMazePath,-10076,-10074,8579,8581
MesoMazeSpiderTurn,-10064,-10059,8591,8596
MesoMazePath,-10073,-10071,8579,8581
MesoMazePath,-10094,-10092,8618,8620
MesoMazePath,-10061,-10059,8612,8614
MesoMazeStairCorridor,-10088,-10083,8624,8626
MesoMazePath,-10052,-10050,8612,8614
MesoMazePath,-10073,-10071,8582,8584
MesoMazePath,-10088,-10086,8615,8617
MesoMazePath,-10082,-10080,8591,8593
MesoMazeZombieTable,-10058,-10053,8603,8608
MesoMazePath,-10076,-10074,8582,8584
MesoMazePath,-10094,-10092,8606,8608
MesoMazePath,-10067,-10065,8597,8599
MesoMazePath,-10082,-10080,8606,8608
MesoMazePath,-10085,-10083,8591,8593
MesoMazePath,-10091,-10089,8594,8596
MesoMazePath,-10097,-10095,8615,8617
MesoMazePath,-10088,-10086,8603,8605
MesoMazeStairTurn,-10058,-10053,8597,8602
MesoMazeGrowth,-10064,-10059,8588,8593
MesoMazePath,-10082,-10080,8624,8626
MesoMazePath,-10097,-10095,8618,8620
MesoMazePath,-10070,-10068,8582,8584
MesoMazePath,-10076,-10074,8588,8590
MesoMazePath,-10091,-10089,8591,8593
MesoMazePath,-10091,-10089,8597,8599
MesoMazePath,-10058,-10056,8603,8605
MesoMazePath,-10094,-10092,8594,8596
MesoMazePath,-10076,-10074,8585,8587
MesoMazePath,-10058,-10056,8609,8611
MesoMazePath,-10094,-10092,8597,8599
MesoMazePath,-10076,-10074,8582,8584
MesoMazePath,-10094,-10092,8609,8611
MesoMazeStairCorridor,-10052,-10050,8594,8599
MesoMazePath,-10061,-10059,8585,8587
MesoMazePath,-10055,-10053,8603,8605
MesoMazePath,-10097,-10095,8615,8617
MesoMazePath,-10052,-10050,8591,8593
MesoMazeZombieTable,-10061,-10056,8579,8584
MesoMazePath,-10097,-10095,8612,8614
MesoMazePath,-10073,-10071,8585,8587
MesoMazePath,-10061,-10059,8603,8605
MesoMazeStairCorridor,-10052,-10050,8585,8590
MesoMazePath,-10070,-10068,8585,8587
MesoMazeSpiderTurn,-10061,-10056,8585,8590
MesoMazePath,-10052,-10050,8582,8584
MesoMazePath,-10082,-10080,8609,8611
MesoMazePath,-10055,-10053,8582,8584
MesoMazePath,-10055,-10053,8585,8587
MesoMazePath,-10097,-10095,8594,8596
MesoMazePath,-10058,-10056,8585,8587
MesoMazePath,-10082,-10080,8594,8596
MesoMazePath,-10055,-10053,8588,8590
MesoMazePath,-10055,-10053,8591,8593
MesoMazePath,-10088,-10086,8591,8593
MesoMazePath,-10097,-10095,8591,8593
MesoMazePath,-10055,-10053,8588,8590
MesoMazePath,-10097,-10095,8597,8599
MesoMazePath,-10091,-10089,8609,8611
MesoMazePath,-10055,-10053,8579,8581
MesoMazeGrowth,-10061,-10056,8579,8584
MesoMazePath,-10058,-10056,8588,8590
MesoMazePath,-10058,-10056,8591,8593
MesoMazePath,-10055,-10053,8591,8593
MesoMazePath,-10055,-10053,8594,8596
MesoMazePath,-10055,-10053,8585,8587
MesoMazePath,-10052,-10050,8591,8593
MesoMazeStairCorridor,-10067,-10062,8579,8581
MesoMazePath,-10094,-10092,8591,8593
MesoMazePath,-10070,-10068,8579,8581
MesoMazePath,-10055,-10053,8582,8584
MesoMazePath,-10055,-10053,8579,8581
MesoMazePath,-10052,-10050,8579,8581
MesoMazePath,-10052,-10050,8582,8584
MesoMazePagoda,-10097,-10050,8579,8626
