UndergroundCultChamber,15825,15857,25333,25375
StoneLeafMound,15787,15794,25477,25486
StoneBoulder,15780,15789,25399,25408
RLCraft_PlainsCamp,15707,15753,25340,25379
RLCraft_SmallUndergroundSkeleton,15697,15705,25420,25428
SmallWoodenCottage1,15687,15693,25317,25328
DinosaurSkeleton,15571,15617,25466,25475
StonePlantMound3,15573,15582,25263,25274
RLCraft_DecentCaveSpider,15663,15663,25233,25233
RLCraft_UndergroundRuin3,15661,15669,25228,25236
ShrineSmallFire,15500,15510,25508,25518
P_VillageBlacksmith,15490,15504,25582,25615
StonePlantMound1,15636,15642,25209,25215
MysticalTree,15684,15699,25159,25175
StoneBoulder,15647,15656,25104,25113
Tree_Oak_TheMushroomOak_v3,15510,15560,25206,25265
StonePlantBoulder,15581,15591,25206,25216
StonePlantBoulder,15572,15582,25132,25142
