SmallAbandonedMine,15977,15992,25436,25461
StonePlantMound,15941,15946,25401,25406
StonePlantMound2,15881,15893,25477,25490
StoneLeafMound,15897,15904,25381,25390
PeacefulCrypt,16029,16045,25381,25405
MeteorSite,16016,16031,25189,25219
ShrineSmallFire,16099,16109,25369,25379
StoneBoulder,16036,16045,25180,25189
StonePlantMound,15970,15975,25103,25108
StonePlantMound1,16074,16080,25153,25159
RLCraft_BasicZombie,16100,16100,25155,25155
RLCraft_UndergroundRuin1,16094,16103,25152,25161
SpiderPit,16142,16151,25342,25352
DinosaurSkull,16163,16182,25205,25216
