WoodWallRemains,3395,3403,1574,1602
RLCraft_SmallUndergroundSkeleton,3498,3506,1706,1714
DinosaurSkull,3522,3541,1697,1708
StonePlantMound4,3525,3532,1774,1781
StoneMazePathBig,3270,3278,1772,1780
StoneMazeFountain,3261,3269,1781,1789
StoneMazePath,3261,3263,1754,1756
StoneMazePath,3261,3263,1757,1759
StoneMazePath,3264,3266,1754,1756
StoneMazePath,3267,3269,1754,1756
StoneMazePath,3258,3260,1784,1786
StoneMazeEndChest,3258,3260,1787,1789
StoneMazePath,3267,3269,1775,1777
StoneMazePath,3267,3269,1757,1759
StoneMazePath,3264,3266,1778,1780
StoneMazePath,3264,3266,1775,1777
StoneMazeEndChest,3261,3263,1775,1777
StoneMazePath,3261,3263,1778,1780
StoneMazeEndChest,3264,3266,1757,1759
StoneMazePathBig,3243,3251,1769,1777
StoneMazePath,3246,3248,1766,1768
StoneMazePath,3246,3248,1778,1780
StoneMazeEndChest,3267,3269,1778,1780
StoneMazePath,3243,3245,1778,1780
StoneMazePath,3255,3257,1784,1786
StoneMazePath,3264,3266,1772,1774
StoneMazePath,3261,3263,1772,1774
StoneMazePath,3255,3257,1781,1783
StoneMazePath,3270,3272,1757,1759
StoneMazePath,3267,3269,1772,1774
StoneMazePath,3258,3260,1781,1783
StoneMazePath,3252,3254,1781,1783
StoneMazePath,3255,3257,1778,1780
StoneMazePath,3252,3254,1772,1774
StoneMazeStudy,3246,3260,1754,1762
StoneMazePath,3264,3266,1769,1771
StoneMazePath,3252,3254,1775,1777
StoneMazePath,3267,3269,1769,1771
StoneMazePath,3258,3260,1772,1774
StoneMazePath,3255,3257,1775,1777
StoneMazePath,3258,3260,1775,1777
StoneMazePath,3252,3254,1784,1786
StoneMazePath,3264,3266,1766,1768
StoneMazePath,3267,3269,1766,1768
StoneMazePath,3255,3257,1787,1789
StoneMazePath,3258,3260,1769,1771
StoneMazePath,3255,3257,1769,1771
StoneMazePath,3252,3254,1769,1771
StoneMazePath,3264,3266,1763,1765
StoneMazePath,3261,3263,1766,1768
StoneMazePath,3261,3263,1769,1771
StoneMazeEndChest,3252,3254,1787,1789
StoneMazePath,3258,3260,1766,1768
StoneMazeSpiderRoom,3267,3272,1760,1765
StoneMazePath,3264,3266,1760,1762
StoneMazePath,3270,3272,1769,1771
StoneMazePath,3261,3263,1763,1765
StoneMazePath,3258,3260,1763,1765
StoneMazeEndChest,3261,3263,1760,1762
StoneMazePath,3249,3251,1781,1783
StoneMazePath,3255,3257,1772,1774
StoneMazePath,3273,3275,1757,1759
StoneMazePath,3255,3257,1763,1765
StoneMazePath,3252,3254,1754,1756
StoneMazePath,3252,3254,1766,1768
StoneMazePath,3252,3254,1778,1780
StoneMazePath,3252,3254,1763,1765
StoneMazePath,3249,3251,1784,1786
StoneMazeSpiderRoom,3243,3248,1784,1789
StoneMazeEndChest,3249,3251,1787,1789
StoneMazePath,3273,3275,1769,1771
StoneMazePath,3249,3251,1778,1780
StoneMazePath,3255,3257,1766,1768
StoneMazePath,3258,3260,1778,1780
StoneMazePath,3276,3278,1769,1771
StoneMazePath,3276,3278,1766,1768
StoneMazePath,3276,3278,1763,1765
StoneMazePath,3273,3275,1766,1768
StoneMazeEndChest,3246,3248,1781,1783
StoneMazePath,3273,3275,1763,1765
StoneMazePath,3276,3278,1757,1759
StoneMazePath,3270,3272,1766,1768
StoneMazePath,3273,3275,1760,1762
StoneMazePath,3276,3278,1760,1762
StoneMazePath,3249,3251,1763,1765
StoneMazePath,3249,3251,1766,1768
StoneMaze,3243,3278,1754,1789
ElvenPond,3483,3512,1827,1857
StonePlantMound3,3572,3581,1679,1690
